0
0
0
0
0
0
0
0
0
0
0
0
2
0
2
2
0
0
0
0
0
0
0
0
0
0
0
0
-1
0
2
2
0
0
0
0
0
0
0
0
0
0
0
0
2
0
2
2
0
0
0
0
0
0
0
0
0
0
0
0
5
4
0
0
0
0
0
0
0
0
0
0
0
0
0
0
2
0
2
2
0
0
0
0
0
0
0
0
0
0
0
0
-1
0
2
2
0
0
0
0
0
0
0
0
0
0
0
0
2
0
2
2
0
0
0
0
0
0
0
0
0
0
0
0
5
4
0
0
2
0
4
0
5
4
2
0
0
0
-1
0
4
2
0
2
4
0
2
0
5
4
2
0
-1
0
2
0
4
2
0
2
2
0
4
0
5
4
2
0
0
0
-1
0
4
2
0
2
4
0
2
0
5
4
2
0
-1
0
2
0
4
2
0
2
4
5
7
4
5
7
4
5
7
4
5
7
5
4
5
7
4
5
7
4
5
7
4
5
7
4
5
7
5
4
5
2
4
5
7
4
5
7
4
5
7
4
5
7
5
4
5
7
4
5
7
4
5
7
4
5
7
4
5
7
5
4
2
2
